(kicad_pcb (version 20171130) (host pcbnew "(5.1.6)-1")

  (general
    (thickness 1.6)
    (drawings 18)
    (tracks 2102)
    (zones 0)
    (modules 200)
    (nets 132)
  )

  (page A3)
  (layers
    (0 F.Cu signal)
    (31 B.Cu signal)
    (32 B.Adhes user)
    (33 F.Adhes user)
    (34 B.Paste user)
    (35 F.Paste user)
    (36 B.SilkS user)
    (37 F.SilkS user)
    (38 B.Mask user)
    (39 F.Mask user)
    (40 Dwgs.User user)
    (41 Cmts.User user)
    (42 Eco1.User user)
    (43 Eco2.User user)
    (44 Edge.Cuts user)
    (45 Margin user)
    (46 B.CrtYd user)
    (47 F.CrtYd user)
    (48 B.Fab user)
    (49 F.Fab user)
  )

  (setup
    (last_trace_width 0.25)
    (trace_clearance 0.2)
    (zone_clearance 0.508)
    (zone_45_only yes)
    (trace_min 0.2)
    (via_size 0.8)
    (via_drill 0.4)
    (via_min_size 0.4)
    (via_min_drill 0.3)
    (uvia_size 0.3)
    (uvia_drill 0.1)
    (uvias_allowed no)
    (uvia_min_size 0.2)
    (uvia_min_drill 0.1)
    (edge_width 0.05)
    (segment_width 0.2)
    (pcb_text_width 0.3)
    (pcb_text_size 1.5 1.5)
    (mod_edge_width 0.12)
    (mod_text_size 1 1)
    (mod_text_width 0.15)
    (pad_size 3.9878 3.9878)
    (pad_drill 3.9878)
    (pad_to_mask_clearance 0.05)
    (aux_axis_origin 0 0)
    (visible_elements 7FFFFFFF)
    (pcbplotparams
      (layerselection 0x010dc_ffffffff)
      (usegerberextensions false)
      (usegerberattributes true)
      (usegerberadvancedattributes true)
      (creategerberjobfile false)
      (excludeedgelayer true)
      (linewidth 0.100000)
      (plotframeref false)
      (viasonmask false)
      (mode 1)
      (useauxorigin false)
      (hpglpennumber 1)
      (hpglpenspeed 20)
      (hpglpendiameter 15.000000)
      (psnegative false)
      (psa4output false)
      (plotreference true)
      (plotvalue true)
      (plotinvisibletext false)
      (padsonsilk false)
      (subtractmaskfromsilk false)
      (outputformat 1)
      (mirror false)
      (drillshape 0)
      (scaleselection 1)
      (outputdirectory "gerber"))
  )

  (net 0 "")
  (net 1 "Net-(C1-Pad1)")
  (net 2 GND)
  (net 3 "Net-(C2-Pad1)")
  (net 4 VCC)
  (net 5 "Net-(C8-Pad1)")
  (net 6 "Net-(D_A1-Pad2)")
  (net 7 row2)
  (net 8 "Net-(D_ALT1-Pad2)")
  (net 9 row4)
  (net 10 "Net-(D_ALT2-Pad2)")
  (net 11 "Net-(D_B1-Pad2)")
  (net 12 row3)
  (net 13 "Net-(D_BKSP1-Pad2)")
  (net 14 "Net-(D_BKTCK1-Pad2)")
  (net 15 row0)
  (net 16 "Net-(D_BSLSH1-Pad2)")
  (net 17 "Net-(D_C1-Pad2)")
  (net 18 "Net-(D_CAPS1-Pad2)")
  (net 19 "Net-(D_CBRAC1-Pad2)")
  (net 20 row1)
  (net 21 "Net-(D_COMMA1-Pad2)")
  (net 22 "Net-(D_CTRL1-Pad2)")
  (net 23 "Net-(D_CTRL2-Pad2)")
  (net 24 "Net-(D_CTRL3-Pad2)")
  (net 25 "Net-(D_CTRL4-Pad2)")
  (net 26 "Net-(D_D1-Pad2)")
  (net 27 "Net-(D_DEL1-Pad2)")
  (net 28 "Net-(D_DOT1-Pad2)")
  (net 29 "Net-(D_E1-Pad2)")
  (net 30 "Net-(D_EIGHT1-Pad2)")
  (net 31 "Net-(D_ENTER1-Pad2)")
  (net 32 "Net-(D_EQUALS1-Pad2)")
  (net 33 "Net-(D_ESC1-Pad2)")
  (net 34 "Net-(D_F1-Pad2)")
  (net 35 "Net-(D_FIVE1-Pad2)")
  (net 36 "Net-(D_FIVE2-Pad2)")
  (net 37 "Net-(D_FOUR1-Pad2)")
  (net 38 "Net-(D_G1-Pad2)")
  (net 39 "Net-(D_G2-Pad2)")
  (net 40 "Net-(D_GUI1-Pad2)")
  (net 41 "Net-(D_GUI2-Pad2)")
  (net 42 "Net-(D_H1-Pad2)")
  (net 43 "Net-(D_H2-Pad2)")
  (net 44 "Net-(D_I1-Pad2)")
  (net 45 "Net-(D_J1-Pad2)")
  (net 46 "Net-(D_K1-Pad2)")
  (net 47 "Net-(D_L1-Pad2)")
  (net 48 "Net-(D_M1-Pad2)")
  (net 49 "Net-(D_MINUS1-Pad2)")
  (net 50 "Net-(D_MOD1-Pad2)")
  (net 51 "Net-(D_MOD2-Pad2)")
  (net 52 "Net-(D_MOD3-Pad2)")
  (net 53 "Net-(D_MOD4-Pad2)")
  (net 54 "Net-(D_MOD5-Pad2)")
  (net 55 "Net-(D_N1-Pad2)")
  (net 56 "Net-(D_NINE1-Pad2)")
  (net 57 "Net-(D_O1-Pad2)")
  (net 58 "Net-(D_OBRAC1-Pad2)")
  (net 59 "Net-(D_ONE1-Pad2)")
  (net 60 "Net-(D_P1-Pad2)")
  (net 61 "Net-(D_Q1-Pad2)")
  (net 62 "Net-(D_QUOTE1-Pad2)")
  (net 63 "Net-(D_R1-Pad2)")
  (net 64 "Net-(D_S1-Pad2)")
  (net 65 "Net-(D_SEMIC1-Pad2)")
  (net 66 "Net-(D_SEVEN1-Pad2)")
  (net 67 "Net-(D_SHIFT1-Pad2)")
  (net 68 "Net-(D_SHIFT2-Pad2)")
  (net 69 "Net-(D_SHIFT3-Pad2)")
  (net 70 "Net-(D_SHIFT4-Pad2)")
  (net 71 "Net-(D_SIX1-Pad2)")
  (net 72 "Net-(D_SIX2-Pad2)")
  (net 73 "Net-(D_SLASH1-Pad2)")
  (net 74 "Net-(D_SPACE1-Pad2)")
  (net 75 "Net-(D_T1-Pad2)")
  (net 76 "Net-(D_T2-Pad2)")
  (net 77 "Net-(D_TAB1-Pad2)")
  (net 78 "Net-(D_TAB2-Pad2)")
  (net 79 "Net-(D_THREE1-Pad2)")
  (net 80 "Net-(D_TWO1-Pad2)")
  (net 81 "Net-(D_U1-Pad2)")
  (net 82 "Net-(D_V1-Pad2)")
  (net 83 "Net-(D_W1-Pad2)")
  (net 84 "Net-(D_X1-Pad2)")
  (net 85 "Net-(D_Y1-Pad2)")
  (net 86 "Net-(D_Y2-Pad2)")
  (net 87 "Net-(D_Z1-Pad2)")
  (net 88 "Net-(D_ZERO1-Pad2)")
  (net 89 "Net-(J1-PadB5)")
  (net 90 "Net-(J1-PadA5)")
  (net 91 "Net-(J1-PadA7)")
  (net 92 "Net-(J1-PadA6)")
  (net 93 col2)
  (net 94 col7)
  (net 95 col8)
  (net 96 col6)
  (net 97 col3)
  (net 98 col1)
  (net 99 col15)
  (net 100 col4)
  (net 101 col11)
  (net 102 col9)
  (net 103 col14)
  (net 104 col12)
  (net 105 col10)
  (net 106 col0)
  (net 107 col5)
  (net 108 col13)
  (net 109 "Net-(R2-Pad2)")
  (net 110 "Net-(R3-Pad1)")
  (net 111 "Net-(R4-Pad1)")
  (net 112 "Net-(U1-Pad42)")
  (net 113 led)
  (net 114 "Net-(U1-Pad26)")
  (net 115 "Net-(U1-Pad25)")
  (net 116 "Net-(U1-Pad1)")
  (net 117 "Net-(LED1-Pad2)")
  (net 118 "Net-(LED2-Pad2)")
  (net 119 "Net-(LED3-Pad2)")
  (net 120 "Net-(LED4-Pad2)")
  (net 121 "Net-(LED5-Pad2)")
  (net 122 "Net-(LED6-Pad2)")
  (net 123 "Net-(LED7-Pad2)")
  (net 124 "Net-(LED8-Pad2)")
  (net 125 "Net-(LED10-Pad4)")
  (net 126 "Net-(LED10-Pad2)")
  (net 127 "Net-(LED11-Pad2)")
  (net 128 "Net-(LED12-Pad2)")
  (net 129 reset)
  (net 130 "Net-(J1-PadB8)")
  (net 131 "Net-(J1-PadA8)")

  (net_class Default "This is the default net class."
    (clearance 0.2)
    (trace_width 0.25)
    (via_dia 0.8)
    (via_drill 0.4)
    (uvia_dia 0.3)
    (uvia_drill 0.1)
    (add_net GND)
    (add_net "Net-(C1-Pad1)")
    (add_net "Net-(C2-Pad1)")
    (add_net "Net-(C8-Pad1)")
    (add_net "Net-(D_A1-Pad2)")
    (add_net "Net-(D_ALT1-Pad2)")
    (add_net "Net-(D_ALT2-Pad2)")
    (add_net "Net-(D_B1-Pad2)")
    (add_net "Net-(D_BKSP1-Pad2)")
    (add_net "Net-(D_BKTCK1-Pad2)")
    (add_net "Net-(D_BSLSH1-Pad2)")
    (add_net "Net-(D_C1-Pad2)")
    (add_net "Net-(D_CAPS1-Pad2)")
    (add_net "Net-(D_CBRAC1-Pad2)")
    (add_net "Net-(D_COMMA1-Pad2)")
    (add_net "Net-(D_CTRL1-Pad2)")
    (add_net "Net-(D_CTRL2-Pad2)")
    (add_net "Net-(D_CTRL3-Pad2)")
    (add_net "Net-(D_CTRL4-Pad2)")
    (add_net "Net-(D_D1-Pad2)")
    (add_net "Net-(D_DEL1-Pad2)")
    (add_net "Net-(D_DOT1-Pad2)")
    (add_net "Net-(D_E1-Pad2)")
    (add_net "Net-(D_EIGHT1-Pad2)")
    (add_net "Net-(D_ENTER1-Pad2)")
    (add_net "Net-(D_EQUALS1-Pad2)")
    (add_net "Net-(D_ESC1-Pad2)")
    (add_net "Net-(D_F1-Pad2)")
    (add_net "Net-(D_FIVE1-Pad2)")
    (add_net "Net-(D_FIVE2-Pad2)")
    (add_net "Net-(D_FOUR1-Pad2)")
    (add_net "Net-(D_G1-Pad2)")
    (add_net "Net-(D_G2-Pad2)")
    (add_net "Net-(D_GUI1-Pad2)")
    (add_net "Net-(D_GUI2-Pad2)")
    (add_net "Net-(D_H1-Pad2)")
    (add_net "Net-(D_H2-Pad2)")
    (add_net "Net-(D_I1-Pad2)")
    (add_net "Net-(D_J1-Pad2)")
    (add_net "Net-(D_K1-Pad2)")
    (add_net "Net-(D_L1-Pad2)")
    (add_net "Net-(D_M1-Pad2)")
    (add_net "Net-(D_MINUS1-Pad2)")
    (add_net "Net-(D_MOD1-Pad2)")
    (add_net "Net-(D_MOD2-Pad2)")
    (add_net "Net-(D_MOD3-Pad2)")
    (add_net "Net-(D_MOD4-Pad2)")
    (add_net "Net-(D_MOD5-Pad2)")
    (add_net "Net-(D_N1-Pad2)")
    (add_net "Net-(D_NINE1-Pad2)")
    (add_net "Net-(D_O1-Pad2)")
    (add_net "Net-(D_OBRAC1-Pad2)")
    (add_net "Net-(D_ONE1-Pad2)")
    (add_net "Net-(D_P1-Pad2)")
    (add_net "Net-(D_Q1-Pad2)")
    (add_net "Net-(D_QUOTE1-Pad2)")
    (add_net "Net-(D_R1-Pad2)")
    (add_net "Net-(D_S1-Pad2)")
    (add_net "Net-(D_SEMIC1-Pad2)")
    (add_net "Net-(D_SEVEN1-Pad2)")
    (add_net "Net-(D_SHIFT1-Pad2)")
    (add_net "Net-(D_SHIFT2-Pad2)")
    (add_net "Net-(D_SHIFT3-Pad2)")
    (add_net "Net-(D_SHIFT4-Pad2)")
    (add_net "Net-(D_SIX1-Pad2)")
    (add_net "Net-(D_SIX2-Pad2)")
    (add_net "Net-(D_SLASH1-Pad2)")
    (add_net "Net-(D_SPACE1-Pad2)")
    (add_net "Net-(D_T1-Pad2)")
    (add_net "Net-(D_T2-Pad2)")
    (add_net "Net-(D_TAB1-Pad2)")
    (add_net "Net-(D_TAB2-Pad2)")
    (add_net "Net-(D_THREE1-Pad2)")
    (add_net "Net-(D_TWO1-Pad2)")
    (add_net "Net-(D_U1-Pad2)")
    (add_net "Net-(D_V1-Pad2)")
    (add_net "Net-(D_W1-Pad2)")
    (add_net "Net-(D_X1-Pad2)")
    (add_net "Net-(D_Y1-Pad2)")
    (add_net "Net-(D_Y2-Pad2)")
    (add_net "Net-(D_Z1-Pad2)")
    (add_net "Net-(D_ZERO1-Pad2)")
    (add_net "Net-(J1-PadA5)")
    (add_net "Net-(J1-PadA6)")
    (add_net "Net-(J1-PadA7)")
    (add_net "Net-(J1-PadA8)")
    (add_net "Net-(J1-PadB5)")
    (add_net "Net-(J1-PadB8)")
    (add_net "Net-(LED1-Pad2)")
    (add_net "Net-(LED10-Pad2)")
    (add_net "Net-(LED10-Pad4)")
    (add_net "Net-(LED11-Pad2)")
    (add_net "Net-(LED12-Pad2)")
    (add_net "Net-(LED2-Pad2)")
    (add_net "Net-(LED3-Pad2)")
    (add_net "Net-(LED4-Pad2)")
    (add_net "Net-(LED5-Pad2)")
    (add_net "Net-(LED6-Pad2)")
    (add_net "Net-(LED7-Pad2)")
    (add_net "Net-(LED8-Pad2)")
    (add_net "Net-(R2-Pad2)")
    (add_net "Net-(R3-Pad1)")
    (add_net "Net-(R4-Pad1)")
    (add_net "Net-(U1-Pad1)")
    (add_net "Net-(U1-Pad25)")
    (add_net "Net-(U1-Pad26)")
    (add_net "Net-(U1-Pad42)")
    (add_net VCC)
    (add_net col0)
    (add_net col1)
    (add_net col10)
    (add_net col11)
    (add_net col12)
    (add_net col13)
    (add_net col14)
    (add_net col15)
    (add_net col2)
    (add_net col3)
    (add_net col4)
    (add_net col5)
    (add_net col6)
    (add_net col7)
    (add_net col8)
    (add_net col9)
    (add_net led)
    (add_net reset)
    (add_net row0)
    (add_net row1)
    (add_net row2)
    (add_net row3)
    (add_net row4)
  )

  (module HRO_TYPE-C-31-M-12 (layer B.Cu) (tedit 60E7E8E4) (tstamp 60E8737B)
    (at 209.975 77.98)
    (path /60EB61B3)
    (fp_text reference J1 (at -1.825 7.435) (layer B.SilkS)
      (effects (font (size 1 1) (thickness 0.15)) (justify mirror))
    )
    (fp_text value TYPE-C-31-M-12 (at 6.43 -4.135) (layer B.Fab)
      (effects (font (size 1 1) (thickness 0.15)) (justify mirror))
    )
    (fp_circle (center -3.4 6.4) (end -3.3 6.4) (layer B.SilkS) (width 0.2))
    (fp_circle (center -3.4 6.4) (end -3.3 6.4) (layer B.Fab) (width 0.2))
    (fp_line (start -5.095 6.07) (end -5.095 -2.85) (layer B.CrtYd) (width 0.05))
    (fp_line (start 5.095 6.07) (end -5.095 6.07) (layer B.CrtYd) (width 0.05))
    (fp_line (start 5.095 -2.85) (end 5.095 6.07) (layer B.CrtYd) (width 0.05))
    (fp_line (start -5.095 -2.85) (end 5.095 -2.85) (layer B.CrtYd) (width 0.05))
    (fp_line (start -4.47 -2.6) (end -4.47 -1.37) (layer B.SilkS) (width 0.127))
    (fp_line (start 4.47 -2.6) (end -4.47 -2.6) (layer B.SilkS) (width 0.127))
    (fp_line (start 4.47 -1.37) (end 4.47 -2.6) (layer B.SilkS) (width 0.127))
    (fp_line (start 4.47 2.81) (end 4.47 1.37) (layer B.SilkS) (width 0.127))
    (fp_line (start -4.47 2.81) (end -4.47 1.37) (layer B.SilkS) (width 0.127))
    (fp_line (start -4.47 4.7) (end -4.47 -2.6) (layer B.Fab) (width 0.127))
    (fp_line (start 4.47 4.7) (end -4.47 4.7) (layer B.Fab) (width 0.127))
    (fp_line (start 4.47 -2.6) (end 4.47 4.7) (layer B.Fab) (width 0.127))
    (fp_line (start -4.47 -2.6) (end 4.47 -2.6) (layer B.Fab) (width 0.127))
    (pad A1B12 smd rect (at -3.25 5.095) (size 0.6 1.45) (layers B.Cu B.Paste B.Mask)
      (net 2 GND))
    (pad A4B9 smd rect (at -2.45 5.095) (size 0.6 1.45) (layers B.Cu B.Paste B.Mask)
      (net 4 VCC))
    (pad A6 smd rect (at -0.25 5.095) (size 0.3 1.45) (layers B.Cu B.Paste B.Mask)
      (net 92 "Net-(J1-PadA6)"))
    (pad B7 smd rect (at -0.75 5.095) (size 0.3 1.45) (layers B.Cu B.Paste B.Mask)
      (net 91 "Net-(J1-PadA7)"))
    (pad A5 smd rect (at -1.25 5.095) (size 0.3 1.45) (layers B.Cu B.Paste B.Mask)
      (net 90 "Net-(J1-PadA5)"))
    (pad B8 smd rect (at -1.75 5.095) (size 0.3 1.45) (layers B.Cu B.Paste B.Mask)
      (net 130 "Net-(J1-PadB8)"))
    (pad A7 smd rect (at 0.25 5.095) (size 0.3 1.45) (layers B.Cu B.Paste B.Mask)
      (net 91 "Net-(J1-PadA7)"))
    (pad B6 smd rect (at 0.75 5.095) (size 0.3 1.45) (layers B.Cu B.Paste B.Mask)
      (net 92 "Net-(J1-PadA6)"))
    (pad A8 smd rect (at 1.25 5.095) (size 0.3 1.45) (layers B.Cu B.Paste B.Mask)
      (net 131 "Net-(J1-PadA8)"))
    (pad B5 smd rect (at 1.75 5.095) (size 0.3 1.45) (layers B.Cu B.Paste B.Mask)
      (net 89 "Net-(J1-PadB5)"))
    (pad B4A9 smd rect (at 2.45 5.095) (size 0.6 1.45) (layers B.Cu B.Paste B.Mask)
      (net 4 VCC))
    (pad B1A12 smd rect (at 3.25 5.095) (size 0.6 1.45) (layers B.Cu B.Paste B.Mask)
      (net 2 GND))
    (pad S1 thru_hole oval (at -4.32 4.18) (size 1.05 2.1) (drill oval 0.65 1.75) (layers *.Cu *.Mask)
      (net 2 GND))
    (pad S2 thru_hole oval (at 4.32 4.18) (size 1.05 2.1) (drill oval 0.65 1.75) (layers *.Cu *.Mask)
      (net 2 GND))
    (pad S3 thru_hole oval (at -4.32 0) (size 1.05 2.1) (drill oval 0.65 1.25) (layers *.Cu *.Mask)
      (net 2 GND))
    (pad S4 thru_hole oval (at 4.32 0) (size 1.05 2.1) (drill oval 0.65 1.25) (layers *.Cu *.Mask)
      (net 2 GND))
    (pad None np_thru_hole circle (at -2.89 3.65) (size 0.7 0.7) (drill 0.7) (layers *.Cu *.Mask))
    (pad None np_thru_hole circle (at 2.89 3.65) (size 0.7 0.7) (drill 0.7) (layers *.Cu *.Mask))
  )

  (module keyboard_parts:HOLE_M3 (layer F.Cu) (tedit 0) (tstamp 60E8E106)
    (at 287.416 188.65)
    (fp_text reference HOLE13 (at 0 -4.5) (layer F.SilkS) hide
      (effects (font (size 1.524 1.524) (thickness 0.3048)))
    )
    (fp_text value HOLE_M3 (at 0.05 -7.25) (layer F.SilkS) hide
      (effects (font (size 1.524 1.524) (thickness 0.3048)))
    )
    (pad 1 thru_hole circle (at 0 0) (size 4 4) (drill 3.2) (layers *.Cu *.Mask F.SilkS))
  )

  (module keyboard_parts:HOLE_M3 (layer F.Cu) (tedit 0) (tstamp 60E8DE77)
    (at 132.534 188.65)
    (fp_text reference HOLE12 (at 0 -4.5) (layer F.SilkS) hide
      (effects (font (size 1.524 1.524) (thickness 0.3048)))
    )
    (fp_text value HOLE_M3 (at 0.05 -7.25) (layer F.SilkS) hide
      (effects (font (size 1.524 1.524) (thickness 0.3048)))
    )
    (pad 1 thru_hole circle (at 0 0) (size 4 4) (drill 3.2) (layers *.Cu *.Mask F.SilkS))
  )

  (module keyboard_parts:HOLE_M3 (layer F.Cu) (tedit 0) (tstamp 60E8DDB4)
    (at 251.178 88.13)
    (fp_text reference HOLE11 (at 0 -4.5) (layer F.SilkS) hide
      (effects (font (size 1.524 1.524) (thickness 0.3048)))
    )
    (fp_text value HOLE_M3 (at 0.05 -7.25) (layer F.SilkS) hide
      (effects (font (size 1.524 1.524) (thickness 0.3048)))
    )
    (pad 1 thru_hole circle (at 0 0) (size 4 4) (drill 3.2) (layers *.Cu *.Mask F.SilkS))
  )

  (module keyboard_parts:HOLE_M3 (layer F.Cu) (tedit 0) (tstamp 60E8D9C2)
    (at 168.772 88.13)
    (fp_text reference HOLE10 (at 0 -4.5) (layer F.SilkS) hide
      (effects (font (size 1.524 1.524) (thickness 0.3048)))
    )
    (fp_text value HOLE_M3 (at 0.05 -7.25) (layer F.SilkS) hide
      (effects (font (size 1.524 1.524) (thickness 0.3048)))
    )
    (pad 1 thru_hole circle (at 0 0) (size 4 4) (drill 3.2) (layers *.Cu *.Mask F.SilkS))
  )

  (module keyboard_parts:HOLE_M3 (layer F.Cu) (tedit 0) (tstamp 60E8D8C1)
    (at 385.098 88.13)
    (fp_text reference HOLE9 (at 0 -4.5) (layer F.SilkS) hide
      (effects (font (size 1.524 1.524) (thickness 0.3048)))
    )
    (fp_text value HOLE_M3 (at 0.05 -7.25) (layer F.SilkS) hide
      (effects (font (size 1.524 1.524) (thickness 0.3048)))
    )
    (pad 1 thru_hole circle (at 0 0) (size 4 4) (drill 3.2) (layers *.Cu *.Mask F.SilkS))
  )

  (module keyboard_parts:HOLE_M3 (layer F.Cu) (tedit 0) (tstamp 60E8D770)
    (at 34.8525 88.13)
    (fp_text reference HOLE8 (at 0 -4.5) (layer F.SilkS) hide
      (effects (font (size 1.524 1.524) (thickness 0.3048)))
    )
    (fp_text value HOLE_M3 (at 0.05 -7.25) (layer F.SilkS) hide
      (effects (font (size 1.524 1.524) (thickness 0.3048)))
    )
    (pad 1 thru_hole circle (at 0 0) (size 4 4) (drill 3.2) (layers *.Cu *.Mask F.SilkS))
  )

  (module keyboard_parts:HOLE_M3 (layer F.Cu) (tedit 0) (tstamp 60E8D2FA)
    (at 209.975 200.65)
    (fp_text reference HOLE3 (at 0 -4.5) (layer F.SilkS) hide
      (effects (font (size 1.524 1.524) (thickness 0.3048)))
    )
    (fp_text value HOLE_M3 (at 0.05 -7.25) (layer F.SilkS) hide
      (effects (font (size 1.524 1.524) (thickness 0.3048)))
    )
    (pad 1 thru_hole circle (at 0 0) (size 4 4) (drill 3.2) (layers *.Cu *.Mask F.SilkS))
  )

  (module keyboard_parts:HOLE_M3 (layer F.Cu) (tedit 0) (tstamp 60E8D13C)
    (at 385.098 132.388)
    (fp_text reference HOLE7 (at 0 -4.5) (layer F.SilkS) hide
      (effects (font (size 1.524 1.524) (thickness 0.3048)))
    )
    (fp_text value HOLE_M3 (at 0.05 -7.25) (layer F.SilkS) hide
      (effects (font (size 1.524 1.524) (thickness 0.3048)))
    )
    (pad 1 thru_hole circle (at 0 0) (size 4 4) (drill 3.2) (layers *.Cu *.Mask F.SilkS))
  )

  (module keyboard_parts:HOLE_M3 (layer F.Cu) (tedit 0) (tstamp 60E8CB8C)
    (at 128.852 123.13)
    (fp_text reference HOLE4 (at 0 -4.5) (layer F.SilkS) hide
      (effects (font (size 1.524 1.524) (thickness 0.3048)))
    )
    (fp_text value HOLE_M3 (at 0.05 -7.25) (layer F.SilkS) hide
      (effects (font (size 1.524 1.524) (thickness 0.3048)))
    )
    (pad 1 thru_hole circle (at 0 0) (size 4 4) (drill 3.2) (layers *.Cu *.Mask F.SilkS))
  )

  (module keyboard_parts:HOLE_M3 (layer F.Cu) (tedit 0) (tstamp 60E8CB7A)
    (at 34.8525 132.388)
    (fp_text reference HOLE6 (at 0 -4.5) (layer F.SilkS) hide
      (effects (font (size 1.524 1.524) (thickness 0.3048)))
    )
    (fp_text value HOLE_M3 (at 0.05 -7.25) (layer F.SilkS) hide
      (effects (font (size 1.524 1.524) (thickness 0.3048)))
    )
    (pad 1 thru_hole circle (at 0 0) (size 4 4) (drill 3.2) (layers *.Cu *.Mask F.SilkS))
  )

  (module keyboard_parts:HOLE_M3 (layer F.Cu) (tedit 0) (tstamp 60E8BE4D)
    (at 291.098 123.13)
    (fp_text reference HOLE5 (at 0 -4.5) (layer F.SilkS) hide
      (effects (font (size 1.524 1.524) (thickness 0.3048)))
    )
    (fp_text value HOLE_M3 (at 0.05 -7.25) (layer F.SilkS) hide
      (effects (font (size 1.524 1.524) (thickness 0.3048)))
    )
    (pad 1 thru_hole circle (at 0 0) (size 4 4) (drill 3.2) (layers *.Cu *.Mask F.SilkS))
  )

  (module keyboard_parts:HOLE_M3 (layer F.Cu) (tedit 0) (tstamp 60E64AAB)
    (at 209.975 162.65)
    (fp_text reference HOLE2 (at 0 -4.5) (layer F.SilkS) hide
      (effects (font (size 1.524 1.524) (thickness 0.3048)))
    )
    (fp_text value HOLE_M3 (at 0.05 -7.25) (layer F.SilkS) hide
      (effects (font (size 1.524 1.524) (thickness 0.3048)))
    )
    (pad 1 thru_hole circle (at 0 0) (size 4 4) (drill 3.2) (layers *.Cu *.Mask F.SilkS))
  )

  (module keyboard_parts:HOLE_M3 (layer F.Cu) (tedit 0) (tstamp 60E6496C)
    (at 209.975 110.13)
    (fp_text reference HOLE1 (at 0 -4.5) (layer F.SilkS) hide
      (effects (font (size 1.524 1.524) (thickness 0.3048)))
    )
    (fp_text value HOLE_M3 (at 0.05 -7.25) (layer F.SilkS) hide
      (effects (font (size 1.524 1.524) (thickness 0.3048)))
    )
    (pad 1 thru_hole circle (at 0 0) (size 4 4) (drill 3.2) (layers *.Cu *.Mask F.SilkS))
  )

  (module Capacitor_SMD:C_0805_2012Metric_Pad1.15x1.40mm_HandSolder (layer B.Cu) (tedit 5B36C52B) (tstamp 60DE73D9)
    (at 206.5 140.5 270)
    (descr "Capacitor SMD 0805 (2012 Metric), square (rectangular) end terminal, IPC_7351 nominal with elongated pad for handsoldering. (Body size source: https://docs.google.com/spreadsheets/d/1BsfQQcO9C6DZCsRaXUlFlo91Tg2WpOkGARC1WS5S8t0/edit?usp=sharing), generated with kicad-footprint-generator")
    (tags "capacitor handsolder")
    (path /60D16859)
    (attr smd)
    (fp_text reference C1 (at 0 1.65 270) (layer B.SilkS)
      (effects (font (size 1 1) (thickness 0.15)) (justify mirror))
    )
    (fp_text value 22p (at 0 -1.65 270) (layer B.Fab)
      (effects (font (size 1 1) (thickness 0.15)) (justify mirror))
    )
    (fp_line (start -1 -0.6) (end -1 0.6) (layer B.Fab) (width 0.1))
    (fp_line (start -1 0.6) (end 1 0.6) (layer B.Fab) (width 0.1))
    (fp_line (start 1 0.6) (end 1 -0.6) (layer B.Fab) (width 0.1))
    (fp_line (start 1 -0.6) (end -1 -0.6) (layer B.Fab) (width 0.1))
    (fp_line (start -0.261252 0.71) (end 0.261252 0.71) (layer B.SilkS) (width 0.12))
    (fp_line (start -0.261252 -0.71) (end 0.261252 -0.71) (layer B.SilkS) (width 0.12))
    (fp_line (start -1.85 -0.95) (end -1.85 0.95) (layer B.CrtYd) (width 0.05))
    (fp_line (start -1.85 0.95) (end 1.85 0.95) (layer B.CrtYd) (width 0.05))
    (fp_line (start 1.85 0.95) (end 1.85 -0.95) (layer B.CrtYd) (width 0.05))
    (fp_line (start 1.85 -0.95) (end -1.85 -0.95) (layer B.CrtYd) (width 0.05))
    (fp_text user %R (at 0 0 270) (layer B.Fab)
      (effects (font (size 0.5 0.5) (thickness 0.08)) (justify mirror))
    )
    (pad 1 smd roundrect (at -1.025 0 270) (size 1.15 1.4) (layers B.Cu B.Paste B.Mask) (roundrect_rratio 0.217391)
      (net 1 "Net-(C1-Pad1)"))
    (pad 2 smd roundrect (at 1.025 0 270) (size 1.15 1.4) (layers B.Cu B.Paste B.Mask) (roundrect_rratio 0.217391)
      (net 2 GND))
    (model ${KISYS3DMOD}/Capacitor_SMD.3dshapes/C_0805_2012Metric.wrl
      (at (xyz 0 0 0))
      (scale (xyz 1 1 1))
      (rotate (xyz 0 0 0))
    )
  )

  (module Capacitor_SMD:C_0805_2012Metric_Pad1.15x1.40mm_HandSolder (layer B.Cu) (tedit 5B36C52B) (tstamp 60DE73EA)
    (at 199.5 137 225)
    (descr "Capacitor SMD 0805 (2012 Metric), square (rectangular) end terminal, IPC_7351 nominal with elongated pad for handsoldering. (Body size source: https://docs.google.com/spreadsheets/d/1BsfQQcO9C6DZCsRaXUlFlo91Tg2WpOkGARC1WS5S8t0/edit?usp=sharing), generated with kicad-footprint-generator")
    (tags "capacitor handsolder")
    (path /60D15717)
    (attr smd)
    (fp_text reference C2 (at 0 1.65 225) (layer B.SilkS)
      (effects (font (size 1 1) (thickness 0.15)) (justify mirror))
    )
    (fp_text value 22p (at 0 -1.65 225) (layer B.Fab)
      (effects (font (size 1 1) (thickness 0.15)) (justify mirror))
    )
    (fp_line (start 1.85 -0.95) (end -1.85 -0.95) (layer B.CrtYd) (width 0.05))
    (fp_line (start 1.85 0.95) (end 1.85 -0.95) (layer B.CrtYd) (width 0.05))
    (fp_line (start -1.85 0.95) (end 1.85 0.95) (layer B.CrtYd) (width 0.05))
    (fp_line (start -1.85 -0.95) (end -1.85 0.95) (layer B.CrtYd) (width 0.05))
    (fp_line (start -0.261252 -0.71) (end 0.261252 -0.71) (layer B.SilkS) (width 0.12))
    (fp_line (start -0.261252 0.71) (end 0.261252 0.71) (layer B.SilkS) (width 0.12))
    (fp_line (start 1 -0.6) (end -1 -0.6) (layer B.Fab) (width 0.1))
    (fp_line (start 1 0.6) (end 1 -0.6) (layer B.Fab) (width 0.1))
    (fp_line (start -1 0.6) (end 1 0.6) (layer B.Fab) (width 0.1))
    (fp_line (start -1 -0.6) (end -1 0.6) (layer B.Fab) (width 0.1))
    (fp_text user %R (at 0 0 225) (layer B.Fab)
      (effects (font (size 0.5 0.5) (thickness 0.08)) (justify mirror))
    )
    (pad 2 smd roundrect (at 1.025 0 225) (size 1.15 1.4) (layers B.Cu B.Paste B.Mask) (roundrect_rratio 0.217391)
      (net 2 GND))
    (pad 1 smd roundrect (at -1.025 0 225) (size 1.15 1.4) (layers B.Cu B.Paste B.Mask) (roundrect_rratio 0.217391)
      (net 3 "Net-(C2-Pad1)"))
    (model ${KISYS3DMOD}/Capacitor_SMD.3dshapes/C_0805_2012Metric.wrl
      (at (xyz 0 0 0))
      (scale (xyz 1 1 1))
      (rotate (xyz 0 0 0))
    )
  )

  (module Capacitor_SMD:C_0805_2012Metric_Pad1.15x1.40mm_HandSolder (layer B.Cu) (tedit 5B36C52B) (tstamp 60E9FAF3)
    (at 216.25 139 225)
    (descr "Capacitor SMD 0805 (2012 Metric), square (rectangular) end terminal, IPC_7351 nominal with elongated pad for handsoldering. (Body size source: https://docs.google.com/spreadsheets/d/1BsfQQcO9C6DZCsRaXUlFlo91Tg2WpOkGARC1WS5S8t0/edit?usp=sharing), generated with kicad-footprint-generator")
    (tags "capacitor handsolder")
    (path /60D1F025)
    (attr smd)
    (fp_text reference C3 (at 0 1.65 225) (layer B.SilkS)
      (effects (font (size 1 1) (thickness 0.15)) (justify mirror))
    )
    (fp_text value 0.1u (at 0 -1.65 225) (layer B.Fab)
      (effects (font (size 1 1) (thickness 0.15)) (justify mirror))
    )
    (fp_line (start 1.85 -0.95) (end -1.85 -0.95) (layer B.CrtYd) (width 0.05))
    (fp_line (start 1.85 0.95) (end 1.85 -0.95) (layer B.CrtYd) (width 0.05))
    (fp_line (start -1.85 0.95) (end 1.85 0.95) (layer B.CrtYd) (width 0.05))
    (fp_line (start -1.85 -0.95) (end -1.85 0.95) (layer B.CrtYd) (width 0.05))
    (fp_line (start -0.261252 -0.71) (end 0.261252 -0.71) (layer B.SilkS) (width 0.12))
    (fp_line (start -0.261252 0.71) (end 0.261252 0.71) (layer B.SilkS) (width 0.12))
    (fp_line (start 1 -0.6) (end -1 -0.6) (layer B.Fab) (width 0.1))
    (fp_line (start 1 0.6) (end 1 -0.6) (layer B.Fab) (width 0.1))
    (fp_line (start -1 0.6) (end 1 0.6) (layer B.Fab) (width 0.1))
    (fp_line (start -1 -0.6) (end -1 0.6) (layer B.Fab) (width 0.1))
    (fp_text user %R (at 0 0 225) (layer B.Fab)
      (effects (font (size 0.5 0.5) (thickness 0.08)) (justify mirror))
    )
    (pad 2 smd roundrect (at 1.025 0 225) (size 1.15 1.4) (layers B.Cu B.Paste B.Mask) (roundrect_rratio 0.217391)
      (net 2 GND))
    (pad 1 smd roundrect (at -1.025 0 225) (size 1.15 1.4) (layers B.Cu B.Paste B.Mask) (roundrect_rratio 0.217391)
      (net 4 VCC))
    (model ${KISYS3DMOD}/Capacitor_SMD.3dshapes/C_0805_2012Metric.wrl
      (at (xyz 0 0 0))
      (scale (xyz 1 1 1))
      (rotate (xyz 0 0 0))
    )
  )

  (module Capacitor_SMD:C_0805_2012Metric_Pad1.15x1.40mm_HandSolder (layer B.Cu) (tedit 5B36C52B) (tstamp 60DE740C)
    (at 209.5 143 270)
    (descr "Capacitor SMD 0805 (2012 Metric), square (rectangular) end terminal, IPC_7351 nominal with elongated pad for handsoldering. (Body size source: https://docs.google.com/spreadsheets/d/1BsfQQcO9C6DZCsRaXUlFlo91Tg2WpOkGARC1WS5S8t0/edit?usp=sharing), generated with kicad-footprint-generator")
    (tags "capacitor handsolder")
    (path /60D23259)
    (attr smd)
    (fp_text reference C4 (at 0 1.65 270) (layer B.SilkS)
      (effects (font (size 1 1) (thickness 0.15)) (justify mirror))
    )
    (fp_text value 0.1u (at 0 -1.65 270) (layer B.Fab)
      (effects (font (size 1 1) (thickness 0.15)) (justify mirror))
    )
    (fp_line (start -1 -0.6) (end -1 0.6) (layer B.Fab) (width 0.1))
    (fp_line (start -1 0.6) (end 1 0.6) (layer B.Fab) (width 0.1))
    (fp_line (start 1 0.6) (end 1 -0.6) (layer B.Fab) (width 0.1))
    (fp_line (start 1 -0.6) (end -1 -0.6) (layer B.Fab) (width 0.1))
    (fp_line (start -0.261252 0.71) (end 0.261252 0.71) (layer B.SilkS) (width 0.12))
    (fp_line (start -0.261252 -0.71) (end 0.261252 -0.71) (layer B.SilkS) (width 0.12))
    (fp_line (start -1.85 -0.95) (end -1.85 0.95) (layer B.CrtYd) (width 0.05))
    (fp_line (start -1.85 0.95) (end 1.85 0.95) (layer B.CrtYd) (width 0.05))
    (fp_line (start 1.85 0.95) (end 1.85 -0.95) (layer B.CrtYd) (width 0.05))
    (fp_line (start 1.85 -0.95) (end -1.85 -0.95) (layer B.CrtYd) (width 0.05))
    (fp_text user %R (at 0 0 270) (layer B.Fab)
      (effects (font (size 0.5 0.5) (thickness 0.08)) (justify mirror))
    )
    (pad 1 smd roundrect (at -1.025 0 270) (size 1.15 1.4) (layers B.Cu B.Paste B.Mask) (roundrect_rratio 0.217391)
      (net 4 VCC))
    (pad 2 smd roundrect (at 1.025 0 270) (size 1.15 1.4) (layers B.Cu B.Paste B.Mask) (roundrect_rratio 0.217391)
      (net 2 GND))
    (model ${KISYS3DMOD}/Capacitor_SMD.3dshapes/C_0805_2012Metric.wrl
      (at (xyz 0 0 0))
      (scale (xyz 1 1 1))
      (rotate (xyz 0 0 0))
    )
  )

  (module Capacitor_SMD:C_0805_2012Metric_Pad1.15x1.40mm_HandSolder (layer B.Cu) (tedit 5B36C52B) (tstamp 60DE741D)
    (at 200.25 126.25 225)
    (descr "Capacitor SMD 0805 (2012 Metric), square (rectangular) end terminal, IPC_7351 nominal with elongated pad for handsoldering. (Body size source: https://docs.google.com/spreadsheets/d/1BsfQQcO9C6DZCsRaXUlFlo91Tg2WpOkGARC1WS5S8t0/edit?usp=sharing), generated with kicad-footprint-generator")
    (tags "capacitor handsolder")
    (path /60D23B9E)
    (attr smd)
    (fp_text reference C5 (at 0 1.65 45) (layer B.SilkS)
      (effects (font (size 1 1) (thickness 0.15)) (justify mirror))
    )
    (fp_text value 0.1u (at 0 -1.65 45) (layer B.Fab)
      (effects (font (size 1 1) (thickness 0.15)) (justify mirror))
    )
    (fp_line (start -1 -0.6) (end -1 0.6) (layer B.Fab) (width 0.1))
    (fp_line (start -1 0.6) (end 1 0.6) (layer B.Fab) (width 0.1))
    (fp_line (start 1 0.6) (end 1 -0.6) (layer B.Fab) (width 0.1))
    (fp_line (start 1 -0.6) (end -1 -0.6) (layer B.Fab) (width 0.1))
    (fp_line (start -0.261252 0.71) (end 0.261252 0.71) (layer B.SilkS) (width 0.12))
    (fp_line (start -0.261252 -0.71) (end 0.261252 -0.71) (layer B.SilkS) (width 0.12))
    (fp_line (start -1.85 -0.95) (end -1.85 0.95) (layer B.CrtYd) (width 0.05))
    (fp_line (start -1.85 0.95) (end 1.85 0.95) (layer B.CrtYd) (width 0.05))
    (fp_line (start 1.85 0.95) (end 1.85 -0.95) (layer B.CrtYd) (width 0.05))
    (fp_line (start 1.85 -0.95) (end -1.85 -0.95) (layer B.CrtYd) (width 0.05))
    (fp_text user %R (at 0 0 45) (layer B.Fab)
      (effects (font (size 0.5 0.5) (thickness 0.08)) (justify mirror))
    )
    (pad 1 smd roundrect (at -1.025 0 225) (size 1.15 1.4) (layers B.Cu B.Paste B.Mask) (roundrect_rratio 0.217391)
      (net 4 VCC))
    (pad 2 smd roundrect (at 1.025 0 225) (size 1.15 1.4) (layers B.Cu B.Paste B.Mask) (roundrect_rratio 0.217391)
      (net 2 GND))
    (model ${KISYS3DMOD}/Capacitor_SMD.3dshapes/C_0805_2012Metric.wrl
      (at (xyz 0 0 0))
      (scale (xyz 1 1 1))
      (rotate (xyz 0 0 0))
    )
  )

  (module Capacitor_SMD:C_0805_2012Metric_Pad1.15x1.40mm_HandSolder (layer B.Cu) (tedit 5B36C52B) (tstamp 60DE742E)
    (at 213.75 120.75 315)
    (descr "Capacitor SMD 0805 (2012 Metric), square (rectangular) end terminal, IPC_7351 nominal with elongated pad for handsoldering. (Body size source: https://docs.google.com/spreadsheets/d/1BsfQQcO9C6DZCsRaXUlFlo91Tg2WpOkGARC1WS5S8t0/edit?usp=sharing), generated with kicad-footprint-generator")
    (tags "capacitor handsolder")
    (path /60D24460)
    (attr smd)
    (fp_text reference C6 (at 0 1.65 315) (layer B.SilkS)
      (effects (font (size 1 1) (thickness 0.15)) (justify mirror))
    )
    (fp_text value 0.1u (at 0 -1.65 315) (layer B.Fab)
      (effects (font (size 1 1) (thickness 0.15)) (justify mirror))
    )
    (fp_line (start -1 -0.6) (end -1 0.6) (layer B.Fab) (width 0.1))
    (fp_line (start -1 0.6) (end 1 0.6) (layer B.Fab) (width 0.1))
    (fp_line (start 1 0.6) (end 1 -0.6) (layer B.Fab) (width 0.1))
    (fp_line (start 1 -0.6) (end -1 -0.6) (layer B.Fab) (width 0.1))
    (fp_line (start -0.261252 0.71) (end 0.261252 0.71) (layer B.SilkS) (width 0.12))
    (fp_line (start -0.261252 -0.71) (end 0.261252 -0.71) (layer B.SilkS) (width 0.12))
    (fp_line (start -1.85 -0.95) (end -1.85 0.95) (layer B.CrtYd) (width 0.05))
    (fp_line (start -1.85 0.95) (end 1.85 0.95) (layer B.CrtYd) (width 0.05))
    (fp_line (start 1.85 0.95) (end 1.85 -0.95) (layer B.CrtYd) (width 0.05))
    (fp_line (start 1.85 -0.95) (end -1.85 -0.95) (layer B.CrtYd) (width 0.05))
    (fp_text user %R (at 0 0 315) (layer B.Fab)
      (effects (font (size 0.5 0.5) (thickness 0.08)) (justify mirror))
    )
    (pad 1 smd roundrect (at -1.025 0 315) (size 1.15 1.4) (layers B.Cu B.Paste B.Mask) (roundrect_rratio 0.217391)
      (net 4 VCC))
    (pad 2 smd roundrect (at 1.025 0 315) (size 1.15 1.4) (layers B.Cu B.Paste B.Mask) (roundrect_rratio 0.217391)
      (net 2 GND))
    (model ${KISYS3DMOD}/Capacitor_SMD.3dshapes/C_0805_2012Metric.wrl
      (at (xyz 0 0 0))
      (scale (xyz 1 1 1))
      (rotate (xyz 0 0 0))
    )
  )

  (module Capacitor_SMD:C_0805_2012Metric_Pad1.15x1.40mm_HandSolder (layer B.Cu) (tedit 5B36C52B) (tstamp 60DE743F)
    (at 220.25 135 225)
    (descr "Capacitor SMD 0805 (2012 Metric), square (rectangular) end terminal, IPC_7351 nominal with elongated pad for handsoldering. (Body size source: https://docs.google.com/spreadsheets/d/1BsfQQcO9C6DZCsRaXUlFlo91Tg2WpOkGARC1WS5S8t0/edit?usp=sharing), generated with kicad-footprint-generator")
    (tags "capacitor handsolder")
    (path /60D2496E)
    (attr smd)
    (fp_text reference C7 (at 0 1.65 45) (layer B.SilkS)
      (effects (font (size 1 1) (thickness 0.15)) (justify mirror))
    )
    (fp_text value 4.7u (at 0 -1.65 45) (layer B.Fab)
      (effects (font (size 1 1) (thickness 0.15)) (justify mirror))
    )
    (fp_line (start -1 -0.6) (end -1 0.6) (layer B.Fab) (width 0.1))
    (fp_line (start -1 0.6) (end 1 0.6) (layer B.Fab) (width 0.1))
    (fp_line (start 1 0.6) (end 1 -0.6) (layer B.Fab) (width 0.1))
    (fp_line (start 1 -0.6) (end -1 -0.6) (layer B.Fab) (width 0.1))
    (fp_line (start -0.261252 0.71) (end 0.261252 0.71) (layer B.SilkS) (width 0.12))
    (fp_line (start -0.261252 -0.71) (end 0.261252 -0.71) (layer B.SilkS) (width 0.12))
    (fp_line (start -1.85 -0.95) (end -1.85 0.95) (layer B.CrtYd) (width 0.05))
    (fp_line (start -1.85 0.95) (end 1.85 0.95) (layer B.CrtYd) (width 0.05))
    (fp_line (start 1.85 0.95) (end 1.85 -0.95) (layer B.CrtYd) (width 0.05))
    (fp_line (start 1.85 -0.95) (end -1.85 -0.95) (layer B.CrtYd) (width 0.05))
    (fp_text user %R (at 0 0 45) (layer B.Fab)
      (effects (font (size 0.5 0.5) (thickness 0.08)) (justify mirror))
    )
    (pad 1 smd roundrect (at -1.025 0 225) (size 1.15 1.4) (layers B.Cu B.Paste B.Mask) (roundrect_rratio 0.217391)
      (net 4 VCC))
    (pad 2 smd roundrect (at 1.025 0 225) (size 1.15 1.4) (layers B.Cu B.Paste B.Mask) (roundrect_rratio 0.217391)
      (net 2 GND))
    (model ${KISYS3DMOD}/Capacitor_SMD.3dshapes/C_0805_2012Metric.wrl
      (at (xyz 0 0 0))
      (scale (xyz 1 1 1))
      (rotate (xyz 0 0 0))
    )
  )

  (module Capacitor_SMD:C_0805_2012Metric_Pad1.15x1.40mm_HandSolder (layer B.Cu) (tedit 5B36C52B) (tstamp 60DE7450)
    (at 220.12 143 270)
    (descr "Capacitor SMD 0805 (2012 Metric), square (rectangular) end terminal, IPC_7351 nominal with elongated pad for handsoldering. (Body size source: https://docs.google.com/spreadsheets/d/1BsfQQcO9C6DZCsRaXUlFlo91Tg2WpOkGARC1WS5S8t0/edit?usp=sharing), generated with kicad-footprint-generator")
    (tags "capacitor handsolder")
    (path /60DBAE40)
    (attr smd)
    (fp_text reference C8 (at 0 1.65 270) (layer B.SilkS)
      (effects (font (size 1 1) (thickness 0.15)) (justify mirror))
    )
    (fp_text value 1u (at 0 -1.65 270) (layer B.Fab)
      (effects (font (size 1 1) (thickness 0.15)) (justify mirror))
    )
    (fp_line (start -1 -0.6) (end -1 0.6) (layer B.Fab) (width 0.1))
    (fp_line (start -1 0.6) (end 1 0.6) (layer B.Fab) (width 0.1))
    (fp_line (start 1 0.6) (end 1 -0.6) (layer B.Fab) (width 0.1))
    (fp_line (start 1 -0.6) (end -1 -0.6) (layer B.Fab) (width 0.1))
    (fp_line (start -0.261252 0.71) (end 0.261252 0.71) (layer B.SilkS) (width 0.12))
    (fp_line (start -0.261252 -0.71) (end 0.261252 -0.71) (layer B.SilkS) (width 0.12))
    (fp_line (start -1.85 -0.95) (end -1.85 0.95) (layer B.CrtYd) (width 0.05))
    (fp_line (start -1.85 0.95) (end 1.85 0.95) (layer B.CrtYd) (width 0.05))
    (fp_line (start 1.85 0.95) (end 1.85 -0.95) (layer B.CrtYd) (width 0.05))
    (fp_line (start 1.85 -0.95) (end -1.85 -0.95) (layer B.CrtYd) (width 0.05))
    (fp_text user %R (at 0 0 270) (layer B.Fab)
      (effects (font (size 0.5 0.5) (thickness 0.08)) (justify mirror))
    )
    (pad 1 smd roundrect (at -1.025 0 270) (size 1.15 1.4) (layers B.Cu B.Paste B.Mask) (roundrect_rratio 0.217391)
      (net 5 "Net-(C8-Pad1)"))
    (pad 2 smd roundrect (at 1.025 0 270) (size 1.15 1.4) (layers B.Cu B.Paste B.Mask) (roundrect_rratio 0.217391)
      (net 2 GND))
    (model ${KISYS3DMOD}/Capacitor_SMD.3dshapes/C_0805_2012Metric.wrl
      (at (xyz 0 0 0))
      (scale (xyz 1 1 1))
      (rotate (xyz 0 0 0))
    )
  )

  (module WS2812B:WS2812B (layer B.Cu) (tedit 53BEE615) (tstamp 60DF508D)
    (at 348.088 105 270)
    (path /61656AF0)
    (fp_text reference LED1 (at 0 4.7 90) (layer B.SilkS)
      (effects (font (size 1 1) (thickness 0.2)) (justify mirror))
    )
    (fp_text value WS2812B (at 0 -4.8 90) (layer B.SilkS) hide
      (effects (font (size 1 1) (thickness 0.2)) (justify mirror))
    )
    (fp_line (start -1 1) (end 1 1) (layer B.SilkS) (width 0.2))
    (fp_line (start 1 1) (end 1 -1) (layer B.SilkS) (width 0.2))
    (fp_line (start 1 -1) (end -0.5 -1) (layer B.SilkS) (width 0.2))
    (fp_line (start -0.5 -1) (end -1 -0.5) (layer B.SilkS) (width 0.2))
    (fp_line (start -1 -0.5) (end -1 1) (layer B.SilkS) (width 0.2))
    (fp_line (start -2.5 1) (end -2.5 -1) (layer B.SilkS) (width 0.2))
    (fp_line (start -0.5 -2.5) (end 0.5 -2.5) (layer B.SilkS) (width 0.2))
    (fp_line (start 2.5 1) (end 2.5 -1) (layer B.SilkS) (width 0.2))
    (fp_line (start -0.5 2.5) (end 0.5 2.5) (layer B.SilkS) (width 0.2))
    (fp_line (start 2.1 -2.5) (end 2.5 -2.5) (layer Dwgs.User) (width 0.2))
    (fp_line (start -1.2 -2.5) (end 1.2 -2.5) (layer Dwgs.User) (width 0.2))
    (fp_line (start -2.5 -2.5) (end -2.1 -2.5) (layer Dwgs.User) (width 0.2))
    (fp_line (start 2.1 2.5) (end 2.5 2.5) (layer Dwgs.User) (width 0.2))
    (fp_line (start -1.2 2.5) (end 1.2 2.5) (layer Dwgs.User) (width 0.2))
    (fp_line (start -2.5 2.5) (end -2.1 2.5) (layer Dwgs.User) (width 0.2))
    (fp_line (start -2.1 2.7) (end -1.2 2.7) (layer Dwgs.User) (width 0.2))
    (fp_line (start -1.2 2.7) (end -1.2 1.8) (layer Dwgs.User) (width 0.2))
    (fp_line (start -1.2 1.8) (end -2.1 1.8) (layer Dwgs.User) (width 0.2))
    (fp_line (start -2.1 1.8) (end -2.1 2.7) (layer Dwgs.User) (width 0.2))
    (fp_line (start 2.1 2.7) (end 1.2 2.7) (layer Dwgs.User) (width 0.2))
    (fp_line (start 1.2 2.7) (end 1.2 1.8) (layer Dwgs.User) (width 0.2))
    (fp_line (start 1.2 1.8) (end 2.1 1.8) (layer Dwgs.User) (width 0.2))
    (fp_line (start 2.1 1.8) (end 2.1 2.7) (layer Dwgs.User) (width 0.2))
    (fp_line (start -2.1 -2.7) (end -2.1 -1.8) (layer Dwgs.User) (width 0.2))
    (fp_line (start -2.1 -1.8) (end -1.2 -1.8) (layer Dwgs.User) (width 0.2))
    (fp_line (start -1.2 -1.8) (end -1.2 -2.7) (layer Dwgs.User) (width 0.2))
    (fp_line (start -1.2 -2.7) (end -2.1 -2.7) (layer Dwgs.User) (width 0.2))
    (fp_line (start 1.2 -2.7) (end 1.2 -1.8) (layer Dwgs.User) (width 0.2))
    (fp_line (start 1.2 -1.8) (end 2.1 -1.8) (layer Dwgs.User) (width 0.2))
    (fp_line (start 2.1 -1.8) (end 2.1 -2.7) (layer Dwgs.User) (width 0.2))
    (fp_line (start 2.1 -2.7) (end 1.2 -2.7) (layer Dwgs.User) (width 0.2))
    (fp_line (start 2.5 2.5) (end 2.5 -2.5) (layer Dwgs.User) (width 0.2))
    (fp_line (start -2.49936 -2.49936) (end -2.49936 2.49936) (layer Dwgs.User) (width 0.2))
    (pad 1 smd rect (at 1.65 2.4 270) (size 1.4 1.8) (layers B.Cu B.Paste B.Mask)
      (net 4 VCC))
